183.1699981689453	126.46199798583984	187.63099670410156
183.68699645996094	125.94499969482422	186.34800720214844
183.09100341796875	125.5790023803711	188.81199645996094
184.0469970703125	127.7300033569336	188.031005859375
184.02999877929688	128.8820037841797	187.20599365234375
183.79100036621094	130.1300048828125	188.03199768066406
182.39100646972656	130.50799560546875	187.9530029296875
184.08999633789062	129.9770050048828	189.51699829101562
184.5500030517578	131.20599365234375	190.03500366210938
182.72000122070312	129.63099670410156	190.0780029296875
181.85699462890625	130.56399536132812	189.2530059814453
-0.7754287719726562	-0.18570742011070251	1.2227481603622437
274.1531677246094	29.941734313964844	-1259.55078125
80.25753784179688	-232.43963623046875	-214.94998168945312
308.5962219238281	1129.656982421875	75.27301025390625
300.8121032714844	1101.194580078125	73.40756225585938
170.25665283203125	626.5247802734375	42.90797424316406
65.46241760253906	248.10369873046875	19.357431411743164
-170.33433532714844	-280.87335205078125	81.46876525878906
-131.2742462158203	-254.3767852783203	48.784793853759766
-157.99838256835938	-248.10842895507812	80.03657531738281
-170.1785888671875	217.46234130859375	-12.629874229431152
