183.1699981689453	126.46199798583984	187.63099670410156
183.68699645996094	125.94499969482422	186.34800720214844
183.09100341796875	125.5790023803711	188.81199645996094
184.0469970703125	127.7300033569336	188.031005859375
184.02999877929688	128.8820037841797	187.20599365234375
183.79100036621094	130.1300048828125	188.03199768066406
182.39100646972656	130.50799560546875	187.9530029296875
184.08999633789062	129.9770050048828	189.51699829101562
184.5500030517578	131.20599365234375	190.03500366210938
182.72000122070312	129.63099670410156	190.0780029296875
181.85699462890625	130.56399536132812	189.2530059814453
1.120258092880249	-0.2860654592514038	1.019675612449646
168.2860107421875	-21.66486358642578	-63.8939094543457
-5438.8212890625	-483.97808837890625	-2433.830078125
-2355.658935546875	2750.735595703125	-5868.60693359375
-1107.781494140625	1294.111328125	-2760.724609375
-1107.6597900390625	1293.9669189453125	-2760.4130859375
648.0320434570312	-1087.836669921875	-2607.3232421875
-783.358154296875	916.2499389648438	-1945.3175048828125
-391.7400207519531	456.431396484375	-968.2705078125
-540.671630859375	632.4854125976562	-1336.46142578125
-130.7542724609375	627.2354125976562	304.662353515625
